  omega_n = 3.714769 rad/s
  zeta    = 0.004320
  f_n     = 0.591224 Hz
  T       = 1.691407 s